1100000000101000
1100000000101001
1100000000101010
1100000000101011
1100000000101100
1100000000101101
1100000000110010
1100000000110011
1100000000110100
1100000000110101
1100000000110110
1100000000110111
1100000000111000
1100000000111001
1100000000111010
1100000000111011
1100000000111100
1100000000111101
1100000000111110
1100000000111111
1100000001000000
1100000001000001
1100000001000010
1100000001000011
1100000001000100
1100000001000101
1100000001001010
1100000001001011
1100000001001100
1100000001001101
1100000001001110
1100000001001111
1100000001010101
1100000001011010
1100000001100000
1100000001100111
1100000001101101
1100000001110010
1100000001111101
1100000010000010
1100000010001000
1100000010001111
1100000010010101
1100000010011010
1100000010100001
1100000010100010
1100000010100011
1100000010100100
1100000010100101
1100000010100110
1100000010100111
1100000010101000
1100000010101001
1100000010101010
1100000010101110
1100000010101111
1100000010110000
1100000010110001
1100000010110010
1100000010110101
1100000010110110
1100000010110111
1100000010111000
1100000010111001
1100000010111101
1100000010111110
1100000010111111
1100000011000000
1100000011000001
1100000011000010
1100000011000011
1100000011000100
1100000011000101
1100000011000110
1100000011001001
1100000011010000
1100000011010110
1100000011011010
1100000011011101
1100000011100001
1100000011100111
1100000011101110
1100000011110001
1100000011111000
1100000011111110
1100000100000010
1100000100000101
1100000100001001
1100000100001111
1100000100010110
1100000100011001
1100000100011010
1100000100011011
1100000100011100
1100000100011101
1100000100100000
1100000100100110
1100000100101010
1100000100101101
1100000100110001
1100000100110111
1100000100111010
1100000100111011
1100000100111100
1100000100111101
1100000100111110
1100000101000001
1100000101000101
1100000101001000
1100000101001001
1100000101001010
1100000101001011
1100000101001100
1100000101001101
1100000101001110
1100000101001111
1100000101010000
1100000101010001
1100000101010010
1100000101010101
1100000101010110
1100000101010111
1100000101011000
1100000101011001
1100000101011010
1100000101011011
1100000101011100
1100000101011101
1100000101011110
1100000101011111
1100000101100010
1100000101100110
1100000101101001
1100000101101101
1100000101110000
1100000101110110
1100000101111010
1100000101111101
1100000110000001
1100000110000111
1100000110001010
1100000110001110
1100000110010001
1100000110010010
1100000110010011
1100000110010100
1100000110010101
1100000110010110
1100000110010111
1100000110011000
1100000110011110
1100000110100010
1100000110100101
1100000110101001
1100000110101111
1100000110110000
1100000110110001
1100000110110010
1100000110110011
1100000110110100
1100000110110101
1100000110110110
1100000111000000
1100000111000110
1100000111001010
1100000111001011
1100000111001100
1100000111001101
1100000111010001
1100000111010111
1100000111101000
1100000111101110
1100000111110010
1100000111110101
1100000111111001
1100000111111111
1100001000001000
1100001000001001
1100001000001010
1100001000001011
1100001000001100
1100001000001101
1100001000001110
1100001000001111
1100001000010000
1100001000010110
1100001000011010
1100001000011101
1100001000100001
1100001000100111
1100001000101000
1100001000101001
1100001000101010
1100001000101011
1100001000101100
1100001000101101
1100001000101110
1100001000101111
1100001000111000
1100001000111001
1100001000111010
1100001000111011
1100001000111100
1100001000111101
1100001000111110
1100001000111111
1100001001000000
1100001001000001
1100001001000010
1100001001000101
1100001001000110
1100001001000111
1100001001001000
1100001001001001
1100001001001010
1100001001001011
1100001001001100
1100001001001101
1100001001001110
1100001001001111
1100001001100000
1100001001101010
1100001001101101
1100001001110111
1100001010000001
1100001010000010
1100001010000011
1100001010000100
1100001010001000
1100001010010010
1100001010010101
1100001010011111
1100001010100011
1100001010100100
1100001010100101
1100001010100110
1100001010101001
1100001010101100
1100001010110000
1100001010110101
1100001010110110
1100001010110111
1100001010111000
1100001010111001
1100001010111010
1100001010111101
1100001010111110
1100001010111111
1100001011000000
1100001011000001
1100001011000010
1100001011000111
1100001011001011
1100001011001110
1100001011010001
1100001011010100
1100001011010101
1100001011010110
1100001011010111
1100001011011000
1100001011011001
1100001011011010
1100001011011101
1100001011100010
1100001011100101
1100001011101010
1100001011101101
1100001011101110
1100001011101111
1100001011110000
1100001011110001
1100001011110010
1100001011110011
1100001011110110
1100001011111001
1100001100000010
1100001100000101
1100001100001010
1100001100001101
1100001100010010
1100001100010101
1100001100011110
1100001100100001
1100001100101010
1100001100101101
1100001100101110
1100001100101111
1100001100110000
1100001100110001
1100001100110010
1100001100110101
1100001100110110
1100001100110111
1100001100111000
1100001100111001
1100001100111010
1100001100111101
1100001101000110
1100001101001001
1100001101001100
1100001101001101
1100001101001110
1100001101001111
1100001101010010
1100001101011010
1100001101011101
1100001101100101
1100001101101000
1100001101101001
1100001101101010
1100001101101011
1100001101101110
1100001101110001
1100001101110100
1100001101110111
1100001101111010
1100001110000010
1100001110000101
1100001110001101
1100001110010000
1100001110010011
1100001110010110
1100001110011001
1100001110011100
1100001110011111
1100001110100010
1100001110100011
1100001110100100
1100001110100101
1100001110100110
1100001110100111
1100001110101000
1100001110101001
1100001110101010
1100001110101011
1100001110101100
1100001110101101
1100001110101110
1100001110101111
1100001110110000
1100001110110001
1100001110110010
1100001110110011
1100001110110100
1100001110110101
1100001110111000
1100001110111011
1100001110111110
1100001111000001
1100001111000100
1100001111000111
1100001111001010
1100001111011101
1100001111100000
1100001111100011
1100001111100110
1100001111101001
1100001111101100
1100001111101111
1100001111110010
1100010000000101
1100010000001000
1100010000001011
1100010000001110
1100010000010001
1100010000010100
1100010000010111
1100010000011010
1100010000101101
1100010000110000
1100010000110011
1100010000110110
1100010000111001
1100010000111100
1100010000111111
1100010001000010
1100010001010101
1100010001011000
1100010001011011
1100010001011110
1100010001100001
1100010001100010
1100010001100011
1100010001100100
1100010001100111
1100010001101000
1100010001101001
1100010001101010
1100010001101011
1100010001101100
1100010001101101
1100010001101110
1100010001101111
1100010001110000
1100010001110001
1100010001110010
1100010001110011
1100010001110100
1100010001110101
1100010001110110
1100010001110111
1100010001111000
1100010001111001
1100010001111010
1100010001111011
1100010001111100
1100010001111101
1100010001111110
1100010001111111
1100010010000000
1100010010000011
1100010010000100
1100010010000101
1100010010000110
